Masse - Plot 0	Strom - Plot 0	
0,000	0,044	
0,000	0,044	
0,000	0,095	
0,000	0,095	
0,000	0,095	
0,000	0,095	
0,000	0,095	
0,000	0,044	
0,000	0,044	
0,000	0,044	
0,000	0,095	
0,000	0,044	
0,000	0,044	
0,000	0,095	
0,000	0,044	
0,000	0,044	
0,000	0,095	
0,000	0,044	
0,001	0,095	
0,001	0,044	
0,002	0,095	
0,002	0,044	
0,004	0,095	
0,005	0,044	
0,008	0,044	
0,009	0,095	
0,013	0,044	
0,014	0,095	
0,019	0,095	
0,020	0,095	
0,025	0,044	
0,027	0,044	
0,034	0,044	
0,035	0,044	
0,042	0,044	
0,044	0,044	
0,053	0,044	
0,055	0,044	
0,064	0,044	
0,066	0,145	
0,077	0,095	
0,079	0,044	
0,174	0,044	
0,178	0,044	
0,198	0,044	
0,215	0,044	
0,220	0,044	
0,237	0,095	
0,242	0,044	
0,260	0,044	
0,266	0,095	
0,285	0,044	
0,290	0,044	
0,310	0,044	
0,316	0,044	
0,337	0,044	
0,342	0,044	
0,371	0,044	
0,394	0,044	
0,400	0,044	
0,423	0,044	
0,455	0,044	
0,486	0,044	
0,494	0,044	
0,520	0,044	
0,554	0,044	
0,562	0,044	
0,590	0,044	
0,597	0,044	
0,626	0,044	
0,635	0,044	
0,783	0,044	
0,793	0,044	
0,826	0,044	
0,834	0,044	
0,868	0,095	
0,878	0,044	
0,913	0,044	
0,922	0,095	
0,958	0,095	
0,968	4,423	
1,005	4,067	
1,014	0,044	
1,052	0,044	
1,063	0,095	
1,101	0,044	
1,162	0,044	
1,202	0,095	
1,212	0,145	
1,253	0,145	
1,265	0,145	
1,307	0,145	
1,317	0,044	
1,360	0,044	
1,370	0,044	
1,416	0,044	
1,427	0,044	
1,471	0,095	
1,482	0,095	
1,530	0,044	
1,541	0,044	
1,587	0,095	
1,598	0,095	
1,648	0,095	
1,659	0,095	
1,707	0,095	
1,719	0,044	
1,771	0,044	
1,782	0,044	
1,832	0,044	
1,844	0,044	
1,898	0,044	
1,910	0,044	
1,961	0,044	
1,973	0,095	
2,029	0,095	
2,041	0,044	
2,095	0,044	
2,107	0,044	
2,164	0,044	
2,177	0,095	
2,232	0,095	
2,245	0,095	
2,305	0,044	
2,318	0,095	
2,375	0,044	
2,449	0,044	
2,463	0,044	
2,521	0,044	
2,535	0,095	
2,594	0,095	
2,612	0,044	
2,686	0,196	
2,748	0,044	
2,766	0,044	
2,828	0,044	
2,905	0,095	
2,987	0,044	
3,086	0,044	
3,233	0,044	
3,320	0,044	
3,336	0,044	
3,404	0,044	
3,424	0,044	
3,493	0,044	
3,509	0,044	
3,759	0,044	
3,780	0,044	
3,852	0,044	
3,869	0,044	
3,964	0,044	
4,038	0,044	
4,056	0,044	
4,153	0,044	
4,229	0,095	
4,324	0,044	
4,346	0,044	
4,401	0,044	
4,442	0,095	
4,544	0,044	
4,581	0,145	
4,684	0,145	
4,746	0,145	
4,784	0,095	
4,846	0,095	
4,952	0,044	
4,991	0,044	
5,055	0,044	
5,099	0,095	
5,158	0,044	
5,203	0,095	
5,313	0,044	
5,373	0,095	
5,419	0,044	
5,485	0,044	
5,531	0,044	
5,593	0,095	
5,706	0,044	
5,753	0,044	
5,816	0,044	
5,864	0,044	
5,911	0,095	
5,980	0,044	
6,023	0,095	
6,093	0,044	
6,141	0,044	
6,206	0,044	
6,255	0,044	
6,305	0,044	
6,348	0,044	
6,420	0,145	
6,470	0,044	
6,542	0,044	
6,587	0,044	
6,710	0,196	
6,784	0,095	
6,829	0,044	
6,904	0,044	
7,030	0,044	
7,152	0,044	
7,205	0,044	
7,281	0,044	
7,328	0,095	
7,405	0,044	
7,458	0,044	
7,536	0,044	
7,584	0,044	
7,796	0,044	
7,844	0,044	
7,924	0,044	
7,979	0,044	
8,059	0,044	
8,109	0,044	
8,246	0,044	
8,517	0,044	
8,600	0,044	
8,652	0,044	
8,793	0,044	
8,871	0,044	
8,929	0,044	
8,988	0,044	
9,073	0,044	
9,126	0,044	
9,212	0,044	
9,271	0,044	
9,358	0,044	
9,411	0,044	
9,498	0,044	
9,559	0,044	
9,906	0,044	
9,995	0,095	
10,057	0,044	
10,147	0,044	
10,203	0,044	
10,294	0,044	
10,357	0,044	
10,448	0,044	
10,504	0,044	
10,596	0,044	
10,660	0,145	
10,810	0,095	
10,904	0,044	
10,932	0,145	
11,026	0,196	
11,092	0,145	
11,150	0,095	
11,215	0,095	
11,281	0,145	
11,377	0,095	
11,531	0,044	
11,598	0,044	
11,687	0,044	
11,755	0,095	
11,852	89,777	
12,078	4,933	
12,146	0,044	
12,245	0,044	
12,306	0,044	
12,406	0,044	
12,475	0,044	
12,575	0,095	
12,637	0,095	
12,738	0,044	
12,808	2,896	
12,910	13,081	
12,973	7,428	
13,043	2,59	
13,107	0,145	
13,209	0,044	
13,241	0,095	
13,344	0,044	
13,384	0,095	
13,488	0,044	
13,552	0,095	
13,689	0,044	
13,794	0,044	
13,834	0,349	
13,932	0,298	
14,005	0,247	
14,079	0,145	
14,185	0,095	
14,358	0,044	
14,540	0,044	
14,607	0,044	
14,715	0,044	
14,791	0,095	
14,892	0,247	
14,967	0,095	
15,153	0,044	
15,409	0,044	
15,520	0,044	
15,589	0,044	
15,701	0,044	
15,779	1,266	
15,848	3,201	
15,961	3,507	
16,040	2,437	
16,154	0,247	
16,224	0,044	
16,417	0,044	
16,719	0,044	
16,799	0,96	
16,916	1,724	
16,988	1,826	
17,105	1,011	
17,186	0,095	
17,303	0,044	
17,376	0,095	
17,494	0,044	
17,576	0,044	
17,650	0,044	
17,769	0,095	
17,806	0,145	
17,925	0,095	
17,972	0,145	
18,166	0,044	
18,250	0,044	
18,324	0,044	
18,483	0,044	
18,605	0,044	
18,652	0,044	
18,775	0,044	
18,851	0,095	
18,974	0,095	
19,012	0,095	
19,136	0,044	
19,183	0,044	
19,298	0,044	
19,384	0,044	
19,471	0,145	
19,548	0,095	
19,635	0,095	
19,712	0,044	
19,799	0,044	
19,887	0,044	
19,964	0,095	
20,091	0,095	
20,130	0,044	
20,258	0,044	
20,307	0,095	
20,425	0,095	
20,513	0,044	
20,602	0,044	
20,682	0,044	
20,771	0,095	
20,850	0,095	
20,940	0,044	
21,030	0,044	
21,200	0,044	
21,281	0,044	
21,371	0,044	
21,847	0,044	
21,980	0,095	
22,031	0,044	
22,154	0,044	
22,247	0,044	
22,339	0,044	
22,422	0,044	
22,515	0,044	
22,649	0,044	
22,732	0,044	
22,868	0,044	
22,909	0,044	
23,045	0,044	
23,098	0,044	
23,234	0,095	
23,276	0,044	
23,413	0,044	
23,455	0,044	
23,592	0,044	
23,635	39,41	
23,773	89,573	
24,007	42,567	
24,146	16,442	
24,232	0,095	
24,372	0,044	
24,469	0,044	
24,555	0,095	
24,695	2,59	
24,739	12,572	
24,880	17,41	
24,934	10,585	
25,065	4,678	
25,163	1,062	
25,262	0,095	
25,405	0,095	
25,493	0,145	
25,636	60,392	
26,157	15,576	
26,302	1,317	
26,358	0,044	
26,493	0,044	
26,594	1,215	
26,695	3,507	
26,785	8,548	
26,932	8,65	
26,977	2,946	
27,125	2,03	
27,181	0,247	
27,318	0,044	
27,420	0,044	
27,523	0,044	
27,615	0,095	
27,764	0,145	
27,867	0,298	
27,960	0,247	
28,110	0,298	
28,214	0,4	
28,364	0,349	
28,457	0,095	
28,609	0,044	
28,714	0,044	
28,866	0,145	
28,959	0,095	
29,112	0,095	
29,171	0,044	
29,312	0,044	
29,371	0,044	
29,525	0,044	
29,573	0,044	
29,727	0,095	
29,774	0,044	
29,929	0,095	
29,977	0,044	
30,132	0,095	
30,180	0,095	
30,336	0,095	
30,396	0,044	
30,552	0,044	
30,601	0,095	
30,758	0,095	
30,806	0,095	
30,963	0,095	
31,219	0,044	
31,377	0,044	
31,438	0,095	
31,597	0,145	
31,695	0,502	
31,806	0,706	
31,904	0,706	
32,015	0,502	
32,114	0,4	
32,225	0,196	
32,337	0,044	
32,647	0,044	
32,760	0,044	
32,872	0,044	
32,972	0,044	
33,085	0,095	
33,185	0,044	
33,298	0,044	
33,512	0,044	
33,626	0,044	
33,727	0,044	
33,841	0,095	
33,955	0,095	
34,057	0,044	
34,172	0,044	
34,274	0,044	
34,389	0,044	
34,504	0,095	
34,606	0,145	
34,722	0,349	
34,824	0,4	
34,940	0,298	
35,056	0,196	
35,160	0,196	
35,497	0,706	
35,614	3,201	
35,718	10,789	
35,835	19,752	
35,939	16,951	
36,057	5,544	
36,175	1,062	
36,280	0,196	
36,398	0,044	
36,503	0,145	
36,622	0,298	
36,741	0,757	
36,847	1,062	
36,966	0,858	
37,072	0,4	
37,191	0,247	
37,298	0,145	
37,418	0,298	
37,538	1,164	
37,645	2,997	
37,765	6,002	
37,872	6,155	
37,993	3,507	
38,114	1,164	
38,222	0,655	
38,343	0,247	
38,451	0,145	
38,573	0,247	
38,695	0,451	
38,804	0,604	
38,926	0,553	
39,035	0,4	
39,157	0,349	
39,280	0,196	
39,390	0,145	
39,513	0,349	
39,623	0,604	
39,746	0,96	
39,870	1,011	
39,980	0,757	
40,104	0,451	
40,215	0,4	
40,339	0,247	
40,464	0,044	
40,575	0,044	
40,700	0,095	
40,811	0,044	
40,937	0,095	
41,062	0,044	
41,174	0,044	
41,300	0,044	
41,412	0,044	
41,538	0,145	
41,665	0,247	
41,778	0,4	
41,905	0,451	
42,017	0,451	
42,145	0,349	
42,272	0,247	
42,386	0,095	
42,513	0,145	
42,627	0,196	
42,755	0,145	
42,869	0,247	
42,998	0,196	
43,127	0,196	
43,241	0,145	
43,370	0,095	
43,485	0,044	
43,615	0,044	
43,744	0,044	
43,860	0,044	
43,990	0,095	
44,106	0,095	
44,236	0,044	
44,366	0,095	
44,483	0,044	
44,614	0,044	
44,730	0,044	
44,861	0,044	
45,110	0,145	
45,242	0,095	
45,359	0,044	
45,491	0,044	
45,624	0,044	
45,742	0,044	
45,874	0,044	
45,993	0,044	
46,126	0,044	
46,378	0,044	
46,511	0,044	
46,630	0,044	
46,764	0,044	
46,899	0,044	
47,018	0,044	
47,153	0,044	
47,273	0,145	
47,408	0,655	
47,543	2,641	
47,663	8,548	
47,798	15,831	
47,919	15,424	
48,055	9,873	
48,191	3,099	
48,312	1,164	
48,449	0,553	
48,570	0,553	
48,707	1,266	
48,844	1,979	
48,966	1,571	
49,103	0,96	
49,225	0,4	
49,363	0,909	
49,486	1,571	
49,624	3,201	
49,762	6,053	
49,885	7,072	
50,024	5,187	
50,147	1,877	
50,286	0,604	
50,425	0,4	
50,549	0,196	
50,689	0,247	
50,813	0,349	
50,953	0,4	
51,093	0,145	
51,218	0,095	
51,358	0,095	
51,483	0,095	
51,624	0,044	
51,765	0,044	
51,891	0,095	
52,032	0,044	
52,300	0,044	
52,711	0,044	
52,837	0,044	
52,980	0,044	
53,123	0,044	
53,250	0,044	
53,393	0,145	
53,521	0,095	
53,664	0,095	
53,808	0,095	
53,936	0,095	
54,080	0,145	
54,208	0,145	
54,498	0,044	
54,627	0,095	
54,772	0,044	
54,901	0,044	
55,046	0,044	
55,192	0,095	
55,321	0,095	
55,467	0,095	
55,597	0,196	
55,744	0,298	
55,874	0,298	
56,021	0,196	
56,168	0,145	
56,298	0,095	
56,446	0,095	
56,577	0,095	
56,724	0,095	
56,872	0,095	
57,004	0,095	
57,152	0,044	
57,284	0,095	
57,432	0,044	
57,581	0,095	
57,714	0,044	
57,863	0,247	
57,995	0,044	
58,578	0,095	
58,711	0,044	
58,862	0,044	
59,012	0,044	
59,146	0,044	
59,297	0,044	
59,432	0,145	
59,583	0,349	
59,735	0,858	
59,869	1,317	
60,021	1,317	
60,156	0,757	
60,309	0,247	
60,461	0,145	
60,597	0,145	
60,750	0,196	
60,886	0,247	
61,039	0,196	
61,192	0,145	
61,328	0,145	
61,482	0,196	
61,619	0,145	
61,773	0,196	
61,927	0,196	
62,065	0,196	
62,219	0,706	
62,357	6,104	
62,512	13,539	
62,650	22,808	
62,805	29,632	
62,961	32,077	
63,099	28,002	
63,255	22,451	
63,394	16,035	
63,550	9,363	
63,707	3,71	
63,846	1,368	
64,003	0,655	
64,142	0,451	
64,299	1,673	
64,457	4,831	
64,597	8,752	
64,755	12,011	
64,895	14,252	
65,053	13,59	
65,212	11,044	
65,352	8,345	
65,511	5,595	
65,652	2,692	
65,811	1,062	
65,971	0,451	
66,112	0,247	
66,272	0,095	
66,574	0,095	
66,734	0,145	
66,877	0,145	
67,037	0,095	
67,180	0,044	
67,341	0,095	
67,502	0,196	
67,645	0,4	
67,807	0,502	
67,950	0,451	
68,112	0,349	
68,274	0,145	
68,418	0,044	
68,581	0,044	
68,725	0,095	
68,888	0,044	
69,051	0,044	
69,196	0,044	
69,359	0,044	
69,504	0,145	
69,668	0,145	
69,813	0,145	
69,977	0,095	
70,142	0,095	
70,288	0,145	
70,452	0,095	
70,599	0,044	
70,764	0,044	
70,929	0,095	
71,076	0,095	
71,241	0,145	
71,388	0,349	
71,554	0,757	
71,720	1,521	
71,868	2,183	
72,034	2,183	
72,182	1,622	
72,349	0,909	
72,516	0,4	
72,665	0,298	
72,832	0,4	
72,981	0,4	
73,149	0,298	
73,316	0,298	
73,466	0,4	
73,634	0,298	
73,784	0,349	
73,952	0,553	
74,121	0,502	
74,271	0,4	
74,440	0,4	
74,591	0,553	
74,761	0,604	
74,930	0,655	
75,081	0,706	
75,251	0,706	
75,403	0,604	
75,573	0,553	
75,744	0,349	
75,896	0,145	
76,067	0,145	
76,219	0,196	
76,390	0,247	
76,562	0,349	
76,714	0,298	
76,886	0,4	
77,039	0,4	
77,211	0,349	
77,384	0,349	
77,537	0,349	
77,710	0,298	
77,864	0,247	
78,037	0,145	
78,191	0,145	
78,365	0,145	
78,539	0,196	
78,693	0,145	
78,867	0,145	
79,022	0,145	
79,197	0,145	
79,371	0,247	
79,527	0,553	
79,702	0,604	
79,857	0,655	
80,033	0,655	
80,208	0,4	
80,365	0,196	
80,541	0,145	
80,697	0,196	
80,874	0,095	
81,050	0,095	
81,207	0,145	
81,384	0,196	
81,541	0,247	
81,719	0,349	
81,896	0,4	
82,054	0,349	
82,232	0,196	
82,390	0,095	
82,568	0,095	
82,746	0,095	
82,905	0,095	
83,084	0,044	
83,243	0,145	
83,422	0,095	
83,601	0,247	
83,761	0,349	
83,940	0,349	
84,100	0,349	
84,280	0,349	
84,460	0,196	
84,621	0,145	
84,801	0,095	
84,962	0,095	
85,143	0,145	
85,324	0,145	
85,485	0,095	
85,666	0,095	
85,828	0,044	
86,010	0,095	
86,171	0,247	
86,354	0,604	
86,536	1,011	
86,698	1,673	
86,881	2,386	
87,044	2,539	
87,227	2,335	
87,410	1,979	
87,573	1,673	
87,757	1,215	
87,920	0,604	
88,104	0,553	
88,288	0,909	
88,452	1,368	
88,637	1,979	
88,801	2,743	
88,986	3,201	
89,171	3,252	
89,336	2,896	
89,522	2,488	
89,687	1,877	
89,872	1,266	
90,059	0,808	
90,224	0,553	
90,410	0,604	
90,576	0,757	
90,763	0,808	
90,950	1,011	
91,116	1,164	
91,304	0,96	
91,471	0,808	
91,658	0,706	
91,846	0,553	
92,013	0,349	
92,202	0,196	
92,369	0,145	
92,558	0,145	
92,747	0,145	
92,915	0,095	
93,104	0,145	
93,272	0,095	
93,462	0,044	
93,651	0,145	
93,820	0,095	
94,010	0,044	
94,539	0,095	
94,730	0,095	
94,921	0,095	
95,091	0,145	
95,282	0,044	
95,453	0,145	
95,645	0,196	
95,836	0,349	
96,007	0,451	
96,200	0,502	
96,371	0,4	
96,563	0,145	
96,756	0,095	
96,928	0,196	
97,121	0,196	
97,293	0,145	
97,486	0,145	
97,680	0,044	
97,853	0,095	
98,047	0,196	
98,220	0,145	
98,414	0,095	
98,609	0,095	
98,782	0,095	
98,977	0,145	
99,151	0,044	
99,346	0,095	
99,542	0,145	
99,716	0,145	
99,912	0,095	
100,086	0,044	
100,282	0,095	
100,479	0,095	
100,654	0,044	
100,851	0,095	
101,026	0,145	
101,223	0,145	
101,421	0,095	
101,596	0,095	
101,794	0,044	
102,168	0,095	
102,367	0,095	
102,543	0,095	
102,742	0,095	
102,919	0,145	
103,118	0,145	
103,295	0,044	
103,494	0,095	
103,694	0,044	
103,872	0,095	
104,072	0,095	
104,250	0,095	
104,450	0,044	
104,539	0,095	
104,829	0,044	
104,941	0,044	
105,119	0,044	
105,321	0,095	
105,500	0,095	
105,701	0,145	
105,903	0,145	
106,082	0,145	
106,285	0,145	
106,464	0,145	
106,667	0,044	
106,870	0,145	
107,050	0,196	
107,253	0,196	
107,434	0,044	
107,637	0,095	
107,818	0,145	
108,022	0,196	
108,226	0,247	
108,407	0,196	
108,612	0,145	
108,793	0,145	
108,998	0,145	
109,203	0,145	
109,385	0,145	
109,591	0,095	
109,773	0,044	
109,979	0,095	
110,185	0,095	
110,368	0,044	
110,574	0,145	
110,757	0,145	
110,964	0,145	
111,171	0,145	
111,354	0,145	
111,562	0,145	
111,746	0,145	
111,953	0,145	
112,161	0,247	
112,346	0,095	
112,554	0,044	
112,739	0,095	
112,947	0,095	
113,156	0,095	
113,341	0,145	
113,550	0,145	
113,736	0,095	
113,945	0,145	
114,155	0,196	
114,341	0,196	
114,551	0,196	
114,738	0,196	
114,948	0,247	
115,158	0,298	
115,346	0,349	
115,556	0,247	
115,744	0,247	
115,955	0,247	
116,166	0,298	
116,354	0,298	
116,566	0,247	
116,754	0,247	
116,966	0,095	
117,179	0,196	
117,368	0,298	
117,580	0,298	
117,769	0,145	
117,982	0,145	
118,077	0,145	
118,385	0,145	
118,480	0,145	
118,599	0,145	
118,694	0,044	
118,599	0,044	
118,599	0,044	
118,694	0,044	
119,002	0,095	
119,098	0,044	
119,312	0,044	
119,502	0,044	
119,717	0,044	
119,812	0,145	
120,123	0,095	
120,218	0,095	
120,529	0,044	
120,649	0,095	
120,960	0,095	
121,056	0,095	
121,368	0,044	
121,777	0,044	
122,186	0,044	
122,282	0,044	
122,596	0,044	
122,910	0,044	
123,127	0,044	
123,224	0,095	
123,442	0,044	
123,539	0,044	
123,757	0,095	
123,854	0,044	
124,169	0,044	
124,267	0,095	
124,583	0,044	
124,680	0,095	
124,899	0,095	
124,997	0,145	
125,314	0,247	
125,411	0,502	
125,631	0,655	
125,851	0,706	
126,047	0,655	
126,267	0,706	
126,463	0,757	
126,684	0,757	
126,904	0,757	
127,101	0,706	
127,322	0,706	
127,519	0,757	
127,741	0,858	
127,938	0,858	
128,160	0,757	
128,382	0,757	
128,580	0,757	
128,802	0,706	
129,000	0,655	
129,223	0,604	
129,446	0,553	
129,645	0,553	
129,769	0,451	
129,967	0,451	
130,067	0,349	
130,291	0,298	
130,390	0,298	
130,614	0,247	
130,714	0,247	
130,938	0,247	
131,038	0,196	
131,263	0,145	
131,363	0,145	
131,588	0,145	
131,688	0,196	
132,013	0,196	
132,113	0,145	
132,339	0,145	
132,439	0,145	
132,765	0,196	
132,866	0,349	
133,193	0,4	
133,293	0,349	
133,520	0,247	
133,620	0,196	
133,847	0,196	
133,948	0,145	
134,276	0,196	
134,377	0,196	
134,605	0,145	
134,706	0,196	
134,934	0,145	
135,136	0,095	
136,355	0,044	
136,457	0,044	
136,788	0,044	
136,890	0,044	
137,120	0,044	
137,222	0,044	
137,452	0,044	
137,554	0,095	
137,887	0,095	
137,989	0,044	
138,322	0,044	
138,553	0,044	
138,656	0,095	
138,887	0,095	
139,092	0,145	
139,324	0,095	
139,427	0,044	
139,658	0,044	
139,761	0,095	
